[0.8323202959830867,
0.7068335924099486,
0.7977618243243245,
0.7533670033670035,
0.9806913860103629,
0.8378697943118334,
0.7842129412683537,
0.7850238148814881,
0.7765911855784119,
0.7391191782355575,
0.9467186546674802,
0.7890682742054693,
0.8276169017218837,
0.7829207920792081,
0.9421308346347388,
0.8854108924611972,
0.9559384002880921,
0.8043809159929008,
0.7922440872135994,
0.7975278551532033,
0.7353307147997121,
0.8134376596016343,
0.8608923037190082,
0.9668835588186768,
0.8007995129870131,
0.8117291625223791,
0.9071268237934905,
0.909907385559226,
0.8968162821221332,
0.9847331240188383,
0.940377644984326,
0.9226004309146512,
0.8862029007177035,
0.7429591488393263,
0.9158842556697034,
0.8736460249335787,
0.768719428537342]
Test loss 0.4579377770423889 accuracy 0.7705532469648823